Group.waypoints1 = 4097, 4606, 2496, 3995, 3615, 3635, 4265, 5434, 
Group.waypoints2 = 4097, 4606, 2496, 3995, 3615, 3635, 4265, 5434, 
Group.waypoints3 = 4097, 4606, 3615, 3635, 4265, 5434, 2496, 3995, 4265, 5434, 
Group.waypoints4 = 4097, 4606, 2496, 3995, 3615, 3635, 2496, 3995, 3615, 3635, 4265, 5434, 
Group.waypoints5 = 4097, 4606, 3615, 3635, 2496, 3995, 
Group.waypoints6 = 4097, 4606, 4265, 5434, 3615, 3635, 4265, 5434, 2496, 3995, 4265, 5434, 
Group.waypoints7 = 4097, 4606, 3615, 3635, 2496, 3995, 3615, 3635, 4265, 5434, 2496, 3995, 
Group.waypoints8 = 4097, 4606, 4265, 5434, 2496, 3995, 3615, 3635, 2496, 3995, 3615, 3635, 
Group.waypoints9 = 4097, 4606, 4265, 5434, 3615, 3635, 2496, 3995, 
Group.waypoints10 = 4097, 4606, 4265, 5434, 2496, 3995, 3615, 3635, 
Group.waypoints11 = 4097, 4606, 4265, 5434, 2496, 3995, 4265, 5434, 3615, 3635, 
Group.waypoints12 = 4097, 4606, 2496, 3995, 3615, 3635, 
Group.waypoints13 = 4097, 4606, 4265, 5434, 2496, 3995, 3615, 3635, 4265, 5434, 4265, 5434, 
Group.waypoints14 = 4097, 4606, 3615, 3635, 2496, 3995, 3615, 3635, 
Group.waypoints15 = 4097, 4606, 2496, 3995, 4265, 5434, 4265, 5434, 3615, 3635, 
Group.waypoints16 = 4097, 4606, 2496, 3995, 3615, 3635, 2496, 3995, 
Group.waypoints17 = 4097, 4606, 4265, 5434, 3615, 3635, 2496, 3995, 
Group.waypoints18 = 4097, 4606, 4265, 5434, 4265, 5434, 2496, 3995, 3615, 3635, 
Group.waypoints19 = 4097, 4606, 4265, 5434, 2496, 3995, 3615, 3635, 3615, 3635, 4265, 5434, 
Group.waypoints20 = 4097, 4606, 2496, 3995, 4265, 5434, 3615, 3635, 2496, 3995, 
Group.waypoints21 = 4097, 4606, 3615, 3635, 2496, 3995, 4265, 5434, 3615, 3635, 
Group.waypoints22 = 4097, 4606, 2496, 3995, 4265, 5434, 2496, 3995, 
Group.waypoints23 = 4097, 4606, 4265, 5434, 3615, 3635, 
Group.waypoints24 = 4097, 4606, 4265, 5434, 3615, 3635, 2496, 3995, 4265, 5434, 
Group.waypoints25 = 4097, 4606, 2496, 3995, 3615, 3635, 3615, 3635, 4265, 5434, 
Group.waypoints26 = 4097, 4606, 2496, 3995, 3615, 3635, 4265, 5434, 
Group.waypoints27 = 4097, 4606, 2496, 3995, 4265, 5434, 
Group.waypoints28 = 4097, 4606, 2496, 3995, 3615, 3635, 
Group.waypoints29 = 4097, 4606, 2496, 3995, 3615, 3635, 
Group.waypoints30 = 4097, 4606, 4265, 5434, 2496, 3995, 4265, 5434, 3615, 3635, 2496, 3995, 
