Group.waypoints1 = 1640, 3904, 1442, 3525, 1801, 5199, 3366, 5144, 3366, 5144, 1801, 5199, 
Group.waypoints2 = 1640, 3904, 1442, 3525, 1801, 5199, 1442, 3525, 
Group.waypoints3 = 1640, 3904, 3366, 5144, 1801, 5199, 3366, 5144, 
Group.waypoints4 = 1640, 3904, 1442, 3525, 3366, 5144, 
Group.waypoints5 = 1640, 3904, 1801, 5199, 1442, 3525, 1801, 5199, 
Group.waypoints6 = 1640, 3904, 1442, 3525, 3366, 5144, 1801, 5199, 1442, 3525, 3366, 5144, 
Group.waypoints7 = 1640, 3904, 3366, 5144, 1442, 3525, 1801, 5199, 1442, 3525, 
Group.waypoints8 = 1640, 3904, 1801, 5199, 3366, 5144, 1442, 3525, 
Group.waypoints9 = 1640, 3904, 3366, 5144, 1801, 5199, 
Group.waypoints10 = 1640, 3904, 1442, 3525, 1801, 5199, 3366, 5144, 3366, 5144, 
Group.waypoints11 = 1640, 3904, 1442, 3525, 1801, 5199, 3366, 5144, 1801, 5199, 
Group.waypoints12 = 1640, 3904, 1442, 3525, 3366, 5144, 1442, 3525, 1801, 5199, 3366, 5144, 
Group.waypoints13 = 1640, 3904, 1801, 5199, 1442, 3525, 1801, 5199, 
Group.waypoints14 = 1640, 3904, 3366, 5144, 1442, 3525, 1442, 3525, 
Group.waypoints15 = 1640, 3904, 1801, 5199, 3366, 5144, 1442, 3525, 3366, 5144, 
Group.waypoints16 = 1640, 3904, 1801, 5199, 1442, 3525, 3366, 5144, 1801, 5199, 
Group.waypoints17 = 1640, 3904, 1442, 3525, 1801, 5199, 3366, 5144, 1442, 3525, 
Group.waypoints18 = 1640, 3904, 1801, 5199, 3366, 5144, 
Group.waypoints19 = 1640, 3904, 3366, 5144, 1442, 3525, 
Group.waypoints20 = 1640, 3904, 1801, 5199, 3366, 5144, 
Group.waypoints21 = 1640, 3904, 1442, 3525, 1801, 5199, 
Group.waypoints22 = 1640, 3904, 1442, 3525, 3366, 5144, 1801, 5199, 1442, 3525, 
Group.waypoints23 = 1640, 3904, 1801, 5199, 3366, 5144, 1801, 5199, 
Group.waypoints24 = 1640, 3904, 3366, 5144, 1442, 3525, 
Group.waypoints25 = 1640, 3904, 1442, 3525, 3366, 5144, 1801, 5199, 
Group.waypoints26 = 1640, 3904, 3366, 5144, 1442, 3525, 1801, 5199, 
Group.waypoints27 = 1640, 3904, 1801, 5199, 3366, 5144, 
Group.waypoints28 = 1640, 3904, 1442, 3525, 3366, 5144, 1801, 5199, 1442, 3525, 
Group.waypoints29 = 1640, 3904, 1801, 5199, 3366, 5144, 1442, 3525, 3366, 5144, 
Group.waypoints30 = 1640, 3904, 1801, 5199, 1442, 3525, 3366, 5144, 1442, 3525, 1801, 5199, 
