0 21600
3600 164 91 40 3 232
5400 164 91 40 3 232 31 247 101 63 114
7200 164 91 40 3 232 31 247 101 63 114 172 46 281 54 203
9000 164 91 40 3 232 31 247 101 63 114 172 46 281 54 203 11 83 279 123 147
10800 164 91 40 3 232 31 247 101 63 114 172 46 281 54 203 11 83 279 123 147 252 132 42 45 125
12600 164 91 40 3 232 31 247 101 63 114 172 46 281 54 203 11 83 279 123 147 252 132 42 45 125 237 15 53 51 211
14400 164 91 40 3 232 31 247 101 63 114 172 46 281 54 203 11 83 279 123 147 252 132 42 45 125 237 15 53 51 211 222 47 1 6 194
16200 164 91 40 3 232 31 247 101 63 114 172 46 281 54 203 11 83 279 123 147 252 132 42 45 125 237 15 53 51 211 222 47 1 6 194 153 217 150 29 264
18000 164 91 40 3 232 31 247 101 63 114 172 46 281 54 203 11 83 279 123 147 252 132 42 45 125 237 15 53 51 211 222 47 1 6 194 153 217 150 29 264 256 221 4 23 7
19800 164 91 40 3 232 31 247 101 63 114 172 46 281 54 203 11 83 279 123 147 252 132 42 45 125 237 15 53 51 211 222 47 1 6 194 153 217 150 29 264 256 221 4 23 7 216 121 52 240 145
