Group.waypoints1 = 1458, 3482, 4279, 5796, 4962, 5037, 1103, 4736, 2638, 3092, 
Group.waypoints2 = 1458, 3482, 1293, 3030, 4962, 5037, 1103, 4736, 2638, 3092, 
Group.waypoints3 = 1458, 3482, 4279, 5796, 1293, 3030, 4279, 5796, 4962, 5037, 
Group.waypoints4 = 1458, 3482, 2638, 3092, 1293, 3030, 1103, 4736, 
Group.waypoints5 = 1458, 3482, 1103, 4736, 2638, 3092, 1293, 3030, 
Group.waypoints6 = 1458, 3482, 4962, 5037, 4279, 5796, 1293, 3030, 1103, 4736, 
Group.waypoints7 = 1458, 3482, 4962, 5037, 4279, 5796, 2638, 3092, 
Group.waypoints8 = 1458, 3482, 2638, 3092, 4279, 5796, 4962, 5037, 1103, 4736, 1293, 3030, 
Group.waypoints9 = 1458, 3482, 2638, 3092, 1293, 3030, 1103, 4736, 4962, 5037, 
Group.waypoints10 = 1458, 3482, 4279, 5796, 1293, 3030, 
Group.waypoints11 = 1458, 3482, 2638, 3092, 4279, 5796, 4962, 5037, 1103, 4736, 
Group.waypoints12 = 1458, 3482, 1103, 4736, 2638, 3092, 4962, 5037, 
Group.waypoints13 = 1458, 3482, 4279, 5796, 1293, 3030, 
Group.waypoints14 = 1458, 3482, 2638, 3092, 1103, 4736, 
Group.waypoints15 = 1458, 3482, 4962, 5037, 4279, 5796, 1293, 3030, 1103, 4736, 
Group.waypoints16 = 1458, 3482, 4962, 5037, 4279, 5796, 1293, 3030, 2638, 3092, 1103, 4736, 
Group.waypoints17 = 1458, 3482, 4962, 5037, 2638, 3092, 1293, 3030, 4279, 5796, 
Group.waypoints18 = 1458, 3482, 1103, 4736, 4962, 5037, 
Group.waypoints19 = 1458, 3482, 4279, 5796, 1293, 3030, 2638, 3092, 
Group.waypoints20 = 1458, 3482, 1293, 3030, 4962, 5037, 2638, 3092, 4279, 5796, 
Group.waypoints21 = 1458, 3482, 1103, 4736, 4279, 5796, 1293, 3030, 
Group.waypoints22 = 1458, 3482, 1103, 4736, 2638, 3092, 4962, 5037, 1293, 3030, 
Group.waypoints23 = 1458, 3482, 2638, 3092, 4279, 5796, 
Group.waypoints24 = 1458, 3482, 1103, 4736, 4962, 5037, 1293, 3030, 4279, 5796, 2638, 3092, 
Group.waypoints25 = 1458, 3482, 1103, 4736, 4962, 5037, 
Group.waypoints26 = 1458, 3482, 4279, 5796, 4962, 5037, 1293, 3030, 
Group.waypoints27 = 1458, 3482, 2638, 3092, 1103, 4736, 
Group.waypoints28 = 1458, 3482, 1293, 3030, 1103, 4736, 2638, 3092, 4279, 5796, 
Group.waypoints29 = 1458, 3482, 4962, 5037, 4279, 5796, 1103, 4736, 
Group.waypoints30 = 1458, 3482, 2638, 3092, 1293, 3030, 4962, 5037, 
