Group.waypoints1 = 2405, 3297, 4954, 3584, 4792, 4237, 2493, 4282, 3036, 3826, 
Group.waypoints2 = 2405, 3297, 3644, 4193, 2493, 4282, 
Group.waypoints3 = 2405, 3297, 3644, 4193, 4954, 3584, 3036, 3826, 4792, 4237, 
Group.waypoints4 = 2405, 3297, 3644, 4193, 4954, 3584, 
Group.waypoints5 = 2405, 3297, 4792, 4237, 3036, 3826, 
Group.waypoints6 = 2405, 3297, 2493, 4282, 3644, 4193, 4954, 3584, 3036, 3826, 2493, 4282, 
Group.waypoints7 = 2405, 3297, 4792, 4237, 2493, 4282, 
Group.waypoints8 = 2405, 3297, 4792, 4237, 3036, 3826, 3644, 4193, 
Group.waypoints9 = 2405, 3297, 4954, 3584, 4954, 3584, 4792, 4237, 2493, 4282, 3644, 4193, 
Group.waypoints10 = 2405, 3297, 3036, 3826, 3644, 4193, 3036, 3826, 4792, 4237, 2493, 4282, 
Group.waypoints11 = 2405, 3297, 4954, 3584, 3644, 4193, 4792, 4237, 3036, 3826, 2493, 4282, 
Group.waypoints12 = 2405, 3297, 4954, 3584, 3644, 4193, 
Group.waypoints13 = 2405, 3297, 2493, 4282, 3036, 3826, 4954, 3584, 
Group.waypoints14 = 2405, 3297, 4792, 4237, 4954, 3584, 2493, 4282, 
Group.waypoints15 = 2405, 3297, 3644, 4193, 3036, 3826, 4792, 4237, 4954, 3584, 
Group.waypoints16 = 2405, 3297, 3036, 3826, 4792, 4237, 
Group.waypoints17 = 2405, 3297, 3644, 4193, 2493, 4282, 4954, 3584, 
Group.waypoints18 = 2405, 3297, 2493, 4282, 4792, 4237, 3644, 4193, 3036, 3826, 
Group.waypoints19 = 2405, 3297, 4792, 4237, 3036, 3826, 3644, 4193, 2493, 4282, 
Group.waypoints20 = 2405, 3297, 4954, 3584, 4954, 3584, 2493, 4282, 3036, 3826, 
Group.waypoints21 = 2405, 3297, 3644, 4193, 4792, 4237, 
Group.waypoints22 = 2405, 3297, 4792, 4237, 3036, 3826, 3644, 4193, 
Group.waypoints23 = 2405, 3297, 2493, 4282, 4954, 3584, 
Group.waypoints24 = 2405, 3297, 4954, 3584, 3036, 3826, 2493, 4282, 4792, 4237, 3644, 4193, 
Group.waypoints25 = 2405, 3297, 2493, 4282, 4954, 3584, 3036, 3826, 4792, 4237, 3644, 4193, 
Group.waypoints26 = 2405, 3297, 3036, 3826, 4792, 4237, 
Group.waypoints27 = 2405, 3297, 3644, 4193, 2493, 4282, 4954, 3584, 
Group.waypoints28 = 2405, 3297, 4792, 4237, 4954, 3584, 2493, 4282, 3644, 4193, 3036, 3826, 
Group.waypoints29 = 2405, 3297, 3644, 4193, 4792, 4237, 4954, 3584, 2493, 4282, 3036, 3826, 
Group.waypoints30 = 2405, 3297, 4792, 4237, 3036, 3826, 2493, 4282, 
