0 21600
3600 304 145 149 297 108 77
5400 304 145 149 297 108 77 113 16 182 299 231 192
7200 304 145 149 297 108 77 113 16 182 299 231 192 79 114 9 259 81 27
9000 304 145 149 297 108 77 113 16 182 299 231 192 79 114 9 259 81 27 257 219 171 307 210 215
10800 304 145 149 297 108 77 113 16 182 299 231 192 79 114 9 259 81 27 257 219 171 307 210 215 249 75 281 89 144 242
12600 304 145 149 297 108 77 113 16 182 299 231 192 79 114 9 259 81 27 257 219 171 307 210 215 249 75 281 89 144 242 150 140 253 151 202 63
14400 304 145 149 297 108 77 113 16 182 299 231 192 79 114 9 259 81 27 257 219 171 307 210 215 249 75 281 89 144 242 150 140 253 151 202 63 67 205 315 80 31 123
16200 304 145 149 297 108 77 113 16 182 299 231 192 79 114 9 259 81 27 257 219 171 307 210 215 249 75 281 89 144 242 150 140 253 151 202 63 67 205 315 80 31 123 222 226 301 238 72 258
18000 304 145 149 297 108 77 113 16 182 299 231 192 79 114 9 259 81 27 257 219 171 307 210 215 249 75 281 89 144 242 150 140 253 151 202 63 67 205 315 80 31 123 222 226 301 238 72 258 204 244 25 284 203 268
19800 304 145 149 297 108 77 113 16 182 299 231 192 79 114 9 259 81 27 257 219 171 307 210 215 249 75 281 89 144 242 150 140 253 151 202 63 67 205 315 80 31 123 222 226 301 238 72 258 204 244 25 284 203 268 51 239 136 274 305 106
