0 21600
3600 13 109 156 5
5400 13 109 156 5 116 100 57 128
7200 13 109 156 5 116 100 57 128 117 55 213 36
9000 13 109 156 5 116 100 57 128 117 55 213 36 223 196 76 157
10800 13 109 156 5 116 100 57 128 117 55 213 36 223 196 76 157 85 210 130 56
12600 13 109 156 5 116 100 57 128 117 55 213 36 223 196 76 157 85 210 130 56 26 230 206 188
14400 13 109 156 5 116 100 57 128 117 55 213 36 223 196 76 157 85 210 130 56 26 230 206 188 123 18 27 166
16200 13 109 156 5 116 100 57 128 117 55 213 36 223 196 76 157 85 210 130 56 26 230 206 188 123 18 27 166 148 161 224 180
18000 13 109 156 5 116 100 57 128 117 55 213 36 223 196 76 157 85 210 130 56 26 230 206 188 123 18 27 166 148 161 224 180 1 178 229 40
19800 13 109 156 5 116 100 57 128 117 55 213 36 223 196 76 157 85 210 130 56 26 230 206 188 123 18 27 166 148 161 224 180 1 178 229 40 6 19 216 68
