Group.waypoints1 = 2164, 5318, 1573, 5539, 3573, 4228, 
Group.waypoints2 = 2164, 5318, 2982, 3107, 1947, 4592, 3553, 5514, 
Group.waypoints3 = 2164, 5318, 1366, 4542, 2783, 4610, 2783, 4610, 
Group.waypoints4 = 2164, 5318, 1366, 4542, 1573, 5539, 
Group.waypoints5 = 2164, 5318, 3573, 4228, 2982, 3107, 3553, 5514, 
Group.waypoints6 = 2164, 5318, 1947, 4592, 1947, 4592, 
Group.waypoints7 = 2164, 5318, 2783, 4610, 
Group.waypoints8 = 2164, 5318, 1573, 5539, 2982, 3107, 
Group.waypoints9 = 2164, 5318, 3553, 5514, 3573, 4228, 
Group.waypoints10 = 2164, 5318, 1366, 4542, 1947, 4592, 2982, 3107, 
Group.waypoints11 = 2164, 5318, 1366, 4542, 3573, 4228, 3553, 5514, 
Group.waypoints12 = 2164, 5318, 1573, 5539, 
Group.waypoints13 = 2164, 5318, 2783, 4610, 3553, 5514, 1366, 4542, 
Group.waypoints14 = 2164, 5318, 2982, 3107, 
Group.waypoints15 = 2164, 5318, 1947, 4592, 3573, 4228, 2783, 4610, 
Group.waypoints16 = 2164, 5318, 1573, 5539, 
Group.waypoints17 = 2164, 5318, 3553, 5514, 1573, 5539, 
Group.waypoints18 = 2164, 5318, 1366, 4542, 
Group.waypoints19 = 2164, 5318, 3573, 4228, 2783, 4610, 
Group.waypoints20 = 2164, 5318, 1947, 4592, 2982, 3107, 
Group.waypoints21 = 2164, 5318, 1366, 4542, 
Group.waypoints22 = 2164, 5318, 3573, 4228, 1573, 5539, 
Group.waypoints23 = 2164, 5318, 2783, 4610, 1947, 4592, 2982, 3107, 
Group.waypoints24 = 2164, 5318, 3553, 5514, 2982, 3107, 1366, 4542, 
Group.waypoints25 = 2164, 5318, 3553, 5514, 2783, 4610, 
Group.waypoints26 = 2164, 5318, 1573, 5539, 1947, 4592, 3573, 4228, 
Group.waypoints27 = 2164, 5318, 1947, 4592, 3573, 4228, 
Group.waypoints28 = 2164, 5318, 1366, 4542, 
Group.waypoints29 = 2164, 5318, 2982, 3107, 3553, 5514, 2783, 4610, 
Group.waypoints30 = 2164, 5318, 1573, 5539, 1366, 4542, 3573, 4228, 
