Group.waypoints1 = 3770, 3953, 3756, 4071, 2443, 3117, 
Group.waypoints2 = 3770, 3953, 2021, 4280, 2680, 5203, 2981, 5174, 
Group.waypoints3 = 3770, 3953, 2443, 3117, 3756, 4071, 
Group.waypoints4 = 3770, 3953, 2680, 5203, 2021, 4280, 2981, 5174, 2981, 5174, 2680, 5203, 
Group.waypoints5 = 3770, 3953, 2021, 4280, 2443, 3117, 3756, 4071, 2680, 5203, 
Group.waypoints6 = 3770, 3953, 3756, 4071, 2981, 5174, 
Group.waypoints7 = 3770, 3953, 2021, 4280, 2443, 3117, 2021, 4280, 2443, 3117, 
Group.waypoints8 = 3770, 3953, 2981, 5174, 3756, 4071, 2680, 5203, 
Group.waypoints9 = 3770, 3953, 3756, 4071, 2021, 4280, 2680, 5203, 2443, 3117, 2981, 5174, 
Group.waypoints10 = 3770, 3953, 2981, 5174, 2021, 4280, 2680, 5203, 3756, 4071, 2443, 3117, 
Group.waypoints11 = 3770, 3953, 2981, 5174, 2021, 4280, 2680, 5203, 2443, 3117, 3756, 4071, 
Group.waypoints12 = 3770, 3953, 3756, 4071, 2021, 4280, 2443, 3117, 2981, 5174, 
Group.waypoints13 = 3770, 3953, 2680, 5203, 3756, 4071, 2443, 3117, 
Group.waypoints14 = 3770, 3953, 2981, 5174, 2680, 5203, 2021, 4280, 2981, 5174, 
Group.waypoints15 = 3770, 3953, 2443, 3117, 2021, 4280, 3756, 4071, 
Group.waypoints16 = 3770, 3953, 2680, 5203, 2981, 5174, 
Group.waypoints17 = 3770, 3953, 2443, 3117, 2021, 4280, 3756, 4071, 2680, 5203, 
Group.waypoints18 = 3770, 3953, 2680, 5203, 2981, 5174, 2443, 3117, 3756, 4071, 2021, 4280, 
Group.waypoints19 = 3770, 3953, 2981, 5174, 2680, 5203, 
Group.waypoints20 = 3770, 3953, 2443, 3117, 2021, 4280, 3756, 4071, 
Group.waypoints21 = 3770, 3953, 2443, 3117, 2981, 5174, 
Group.waypoints22 = 3770, 3953, 2021, 4280, 2680, 5203, 3756, 4071, 2443, 3117, 
Group.waypoints23 = 3770, 3953, 3756, 4071, 2021, 4280, 
Group.waypoints24 = 3770, 3953, 2981, 5174, 2680, 5203, 
Group.waypoints25 = 3770, 3953, 3756, 4071, 2680, 5203, 2021, 4280, 2981, 5174, 
Group.waypoints26 = 3770, 3953, 2443, 3117, 2443, 3117, 2021, 4280, 2981, 5174, 
Group.waypoints27 = 3770, 3953, 2680, 5203, 3756, 4071, 
Group.waypoints28 = 3770, 3953, 3756, 4071, 2981, 5174, 2021, 4280, 2443, 3117, 
Group.waypoints29 = 3770, 3953, 2680, 5203, 2021, 4280, 
Group.waypoints30 = 3770, 3953, 2981, 5174, 3756, 4071, 2443, 3117, 2680, 5203, 
