Group.waypoints1 = 2722, 5392, 3763, 4539, 1243, 3366, 
Group.waypoints2 = 2722, 5392, 2826, 4133, 2697, 3488, 
Group.waypoints3 = 2722, 5392, 1155, 5130, 4421, 4148, 2568, 3312, 
Group.waypoints4 = 2722, 5392, 3763, 4539, 4421, 4148, 2568, 3312, 
Group.waypoints5 = 2722, 5392, 1243, 3366, 2826, 4133, 
Group.waypoints6 = 2722, 5392, 2697, 3488, 1155, 5130, 2568, 3312, 
Group.waypoints7 = 2722, 5392, 4421, 4148, 2697, 3488, 
Group.waypoints8 = 2722, 5392, 2826, 4133, 
Group.waypoints9 = 2722, 5392, 1155, 5130, 3763, 4539, 
Group.waypoints10 = 2722, 5392, 1243, 3366, 2826, 4133, 4421, 4148, 
Group.waypoints11 = 2722, 5392, 1243, 3366, 
Group.waypoints12 = 2722, 5392, 3763, 4539, 1155, 5130, 
Group.waypoints13 = 2722, 5392, 2568, 3312, 2697, 3488, 1243, 3366, 
Group.waypoints14 = 2722, 5392, 4421, 4148, 
Group.waypoints15 = 2722, 5392, 1155, 5130, 
Group.waypoints16 = 2722, 5392, 2697, 3488, 
Group.waypoints17 = 2722, 5392, 2568, 3312, 
Group.waypoints18 = 2722, 5392, 2826, 4133, 
Group.waypoints19 = 2722, 5392, 3763, 4539, 4421, 4148, 2568, 3312, 
Group.waypoints20 = 2722, 5392, 1243, 3366, 2826, 4133, 
Group.waypoints21 = 2722, 5392, 1155, 5130, 
Group.waypoints22 = 2722, 5392, 2697, 3488, 3763, 4539, 2826, 4133, 
Group.waypoints23 = 2722, 5392, 2697, 3488, 1243, 3366, 4421, 4148, 
Group.waypoints24 = 2722, 5392, 2568, 3312, 1155, 5130, 
Group.waypoints25 = 2722, 5392, 3763, 4539, 2697, 3488, 4421, 4148, 
Group.waypoints26 = 2722, 5392, 1243, 3366, 3763, 4539, 1155, 5130, 
Group.waypoints27 = 2722, 5392, 2826, 4133, 2568, 3312, 2697, 3488, 
Group.waypoints28 = 2722, 5392, 3763, 4539, 
Group.waypoints29 = 2722, 5392, 2826, 4133, 1155, 5130, 
Group.waypoints30 = 2722, 5392, 1243, 3366, 
