Group.waypoints1 = 2924, 3555, 3066, 4185, 2788, 4419, 2856, 3468, 3066, 4185, 2788, 4419, 
Group.waypoints2 = 2924, 3555, 2856, 3468, 2856, 3468, 3066, 4185, 2788, 4419, 3066, 4185, 
Group.waypoints3 = 2924, 3555, 2788, 4419, 2856, 3468, 2788, 4419, 2856, 3468, 
Group.waypoints4 = 2924, 3555, 3066, 4185, 3066, 4185, 
Group.waypoints5 = 2924, 3555, 2856, 3468, 2788, 4419, 2856, 3468, 2788, 4419, 
Group.waypoints6 = 2924, 3555, 3066, 4185, 2856, 3468, 3066, 4185, 
Group.waypoints7 = 2924, 3555, 2788, 4419, 3066, 4185, 
Group.waypoints8 = 2924, 3555, 2788, 4419, 2856, 3468, 2788, 4419, 
Group.waypoints9 = 2924, 3555, 3066, 4185, 2856, 3468, 2856, 3468, 3066, 4185, 
Group.waypoints10 = 2924, 3555, 2788, 4419, 2856, 3468, 3066, 4185, 2788, 4419, 3066, 4185, 
Group.waypoints11 = 2924, 3555, 2788, 4419, 2856, 3468, 
Group.waypoints12 = 2924, 3555, 2856, 3468, 2788, 4419, 3066, 4185, 2788, 4419, 2856, 3468, 
Group.waypoints13 = 2924, 3555, 3066, 4185, 2856, 3468, 
Group.waypoints14 = 2924, 3555, 3066, 4185, 2788, 4419, 
Group.waypoints15 = 2924, 3555, 2856, 3468, 2788, 4419, 
Group.waypoints16 = 2924, 3555, 3066, 4185, 2856, 3468, 2788, 4419, 3066, 4185, 
Group.waypoints17 = 2924, 3555, 3066, 4185, 2856, 3468, 2788, 4419, 2856, 3468, 3066, 4185, 
Group.waypoints18 = 2924, 3555, 2788, 4419, 2788, 4419, 
Group.waypoints19 = 2924, 3555, 3066, 4185, 2856, 3468, 3066, 4185, 2856, 3468, 
Group.waypoints20 = 2924, 3555, 2788, 4419, 2856, 3468, 
Group.waypoints21 = 2924, 3555, 2788, 4419, 3066, 4185, 2856, 3468, 
Group.waypoints22 = 2924, 3555, 2788, 4419, 3066, 4185, 2788, 4419, 3066, 4185, 
Group.waypoints23 = 2924, 3555, 2856, 3468, 2856, 3468, 3066, 4185, 2788, 4419, 2788, 4419, 
Group.waypoints24 = 2924, 3555, 2856, 3468, 3066, 4185, 2788, 4419, 2856, 3468, 3066, 4185, 
Group.waypoints25 = 2924, 3555, 2856, 3468, 2788, 4419, 3066, 4185, 3066, 4185, 
Group.waypoints26 = 2924, 3555, 2788, 4419, 2856, 3468, 2856, 3468, 2788, 4419, 
Group.waypoints27 = 2924, 3555, 3066, 4185, 2788, 4419, 2856, 3468, 3066, 4185, 3066, 4185, 
Group.waypoints28 = 2924, 3555, 2788, 4419, 2856, 3468, 3066, 4185, 2788, 4419, 
Group.waypoints29 = 2924, 3555, 2856, 3468, 2788, 4419, 
Group.waypoints30 = 2924, 3555, 3066, 4185, 2856, 3468, 
