0 21600
3600 24 211 28 91
5400 24 211 28 91 85 110 121 188
7200 24 211 28 91 85 110 121 188 11 20 97 83
9000 24 211 28 91 85 110 121 188 11 20 97 83 3 142 113 189
10800 24 211 28 91 85 110 121 188 11 20 97 83 3 142 113 189 200 179 94 62
12600 24 211 28 91 85 110 121 188 11 20 97 83 3 142 113 189 200 179 94 62 126 89 10 194
14400 24 211 28 91 85 110 121 188 11 20 97 83 3 142 113 189 200 179 94 62 126 89 10 194 65 214 156 124
16200 24 211 28 91 85 110 121 188 11 20 97 83 3 142 113 189 200 179 94 62 126 89 10 194 65 214 156 124 15 205 75 203
18000 24 211 28 91 85 110 121 188 11 20 97 83 3 142 113 189 200 179 94 62 126 89 10 194 65 214 156 124 15 205 75 203 27 112 14 100
19800 24 211 28 91 85 110 121 188 11 20 97 83 3 142 113 189 200 179 94 62 126 89 10 194 65 214 156 124 15 205 75 203 27 112 14 100 210 134 6 43
