Group.waypoints1 = 1320, 3090, 3064, 3425, 3019, 4345, 1119, 5672, 
Group.waypoints2 = 1320, 3090, 3805, 3790, 2088, 3360, 4919, 4529, 2952, 3102, 
Group.waypoints3 = 1320, 3090, 3064, 3425, 3019, 4345, 2952, 3102, 
Group.waypoints4 = 1320, 3090, 2088, 3360, 1119, 5672, 4919, 4529, 3805, 3790, 3019, 4345, 
Group.waypoints5 = 1320, 3090, 4919, 4529, 3064, 3425, 2088, 3360, 1119, 5672, 3805, 3790, 
Group.waypoints6 = 1320, 3090, 2952, 3102, 4919, 4529, 3064, 3425, 2952, 3102, 2088, 3360, 
Group.waypoints7 = 1320, 3090, 3805, 3790, 3019, 4345, 1119, 5672, 2088, 3360, 
Group.waypoints8 = 1320, 3090, 2952, 3102, 4919, 4529, 3805, 3790, 3064, 3425, 1119, 5672, 
Group.waypoints9 = 1320, 3090, 3019, 4345, 2952, 3102, 1119, 5672, 3019, 4345, 3805, 3790, 
Group.waypoints10 = 1320, 3090, 3064, 3425, 4919, 4529, 2088, 3360, 
Group.waypoints11 = 1320, 3090, 1119, 5672, 4919, 4529, 2952, 3102, 3805, 3790, 
Group.waypoints12 = 1320, 3090, 2088, 3360, 3064, 3425, 
Group.waypoints13 = 1320, 3090, 3019, 4345, 3064, 3425, 
Group.waypoints14 = 1320, 3090, 2088, 3360, 3805, 3790, 
Group.waypoints15 = 1320, 3090, 4919, 4529, 2952, 3102, 1119, 5672, 3019, 4345, 
Group.waypoints16 = 1320, 3090, 4919, 4529, 2088, 3360, 2952, 3102, 3019, 4345, 3805, 3790, 
Group.waypoints17 = 1320, 3090, 3064, 3425, 1119, 5672, 4919, 4529, 
Group.waypoints18 = 1320, 3090, 3019, 4345, 3064, 3425, 1119, 5672, 2088, 3360, 
Group.waypoints19 = 1320, 3090, 2952, 3102, 3805, 3790, 2088, 3360, 3805, 3790, 
Group.waypoints20 = 1320, 3090, 2952, 3102, 3064, 3425, 3019, 4345, 4919, 4529, 1119, 5672, 
Group.waypoints21 = 1320, 3090, 3805, 3790, 3019, 4345, 
Group.waypoints22 = 1320, 3090, 4919, 4529, 1119, 5672, 
Group.waypoints23 = 1320, 3090, 3064, 3425, 2088, 3360, 2952, 3102, 2952, 3102, 
Group.waypoints24 = 1320, 3090, 4919, 4529, 3019, 4345, 2088, 3360, 1119, 5672, 
Group.waypoints25 = 1320, 3090, 3805, 3790, 3064, 3425, 3805, 3790, 4919, 4529, 
Group.waypoints26 = 1320, 3090, 2088, 3360, 2952, 3102, 1119, 5672, 3064, 3425, 
Group.waypoints27 = 1320, 3090, 3019, 4345, 1119, 5672, 
Group.waypoints28 = 1320, 3090, 3019, 4345, 2952, 3102, 
Group.waypoints29 = 1320, 3090, 3805, 3790, 3064, 3425, 4919, 4529, 2088, 3360, 4919, 4529, 
Group.waypoints30 = 1320, 3090, 3064, 3425, 1119, 5672, 
