Group.waypoints1 = 3629, 3896, 1721, 3505, 3835, 5459, 2973, 3740, 
Group.waypoints2 = 3629, 3896, 1721, 3505, 3835, 5459, 
Group.waypoints3 = 3629, 3896, 2973, 3740, 3835, 5459, 2973, 3740, 
Group.waypoints4 = 3629, 3896, 1721, 3505, 1721, 3505, 
Group.waypoints5 = 3629, 3896, 3835, 5459, 2973, 3740, 3835, 5459, 1721, 3505, 
Group.waypoints6 = 3629, 3896, 2973, 3740, 1721, 3505, 3835, 5459, 
Group.waypoints7 = 3629, 3896, 2973, 3740, 3835, 5459, 1721, 3505, 
Group.waypoints8 = 3629, 3896, 2973, 3740, 2973, 3740, 1721, 3505, 
Group.waypoints9 = 3629, 3896, 3835, 5459, 1721, 3505, 2973, 3740, 
Group.waypoints10 = 3629, 3896, 3835, 5459, 2973, 3740, 1721, 3505, 3835, 5459, 1721, 3505, 
Group.waypoints11 = 3629, 3896, 3835, 5459, 2973, 3740, 
Group.waypoints12 = 3629, 3896, 3835, 5459, 2973, 3740, 1721, 3505, 1721, 3505, 
Group.waypoints13 = 3629, 3896, 2973, 3740, 3835, 5459, 2973, 3740, 3835, 5459, 1721, 3505, 
Group.waypoints14 = 3629, 3896, 2973, 3740, 3835, 5459, 
Group.waypoints15 = 3629, 3896, 1721, 3505, 2973, 3740, 
Group.waypoints16 = 3629, 3896, 3835, 5459, 1721, 3505, 
Group.waypoints17 = 3629, 3896, 3835, 5459, 1721, 3505, 2973, 3740, 
Group.waypoints18 = 3629, 3896, 1721, 3505, 3835, 5459, 2973, 3740, 
Group.waypoints19 = 3629, 3896, 3835, 5459, 2973, 3740, 
Group.waypoints20 = 3629, 3896, 1721, 3505, 3835, 5459, 
Group.waypoints21 = 3629, 3896, 1721, 3505, 2973, 3740, 2973, 3740, 1721, 3505, 3835, 5459, 
Group.waypoints22 = 3629, 3896, 2973, 3740, 1721, 3505, 3835, 5459, 
Group.waypoints23 = 3629, 3896, 2973, 3740, 1721, 3505, 3835, 5459, 
Group.waypoints24 = 3629, 3896, 2973, 3740, 1721, 3505, 3835, 5459, 
Group.waypoints25 = 3629, 3896, 2973, 3740, 1721, 3505, 3835, 5459, 1721, 3505, 3835, 5459, 
Group.waypoints26 = 3629, 3896, 2973, 3740, 1721, 3505, 
Group.waypoints27 = 3629, 3896, 2973, 3740, 3835, 5459, 2973, 3740, 3835, 5459, 
Group.waypoints28 = 3629, 3896, 1721, 3505, 3835, 5459, 2973, 3740, 1721, 3505, 1721, 3505, 
Group.waypoints29 = 3629, 3896, 2973, 3740, 3835, 5459, 1721, 3505, 
Group.waypoints30 = 3629, 3896, 3835, 5459, 2973, 3740, 3835, 5459, 1721, 3505, 2973, 3740, 
