Group.waypoints1 = 4828, 4479, 1911, 4402, 1826, 3165, 1552, 3093, 
Group.waypoints2 = 4828, 4479, 3532, 4169, 1137, 4945, 1826, 3165, 1552, 3093, 3532, 4169, 
Group.waypoints3 = 4828, 4479, 1137, 4945, 1911, 4402, 3532, 4169, 
Group.waypoints4 = 4828, 4479, 1911, 4402, 1137, 4945, 1552, 3093, 1826, 3165, 
Group.waypoints5 = 4828, 4479, 1552, 3093, 3532, 4169, 1137, 4945, 1911, 4402, 1826, 3165, 
Group.waypoints6 = 4828, 4479, 3532, 4169, 1911, 4402, 1826, 3165, 
Group.waypoints7 = 4828, 4479, 1552, 3093, 1137, 4945, 1552, 3093, 
Group.waypoints8 = 4828, 4479, 3532, 4169, 1826, 3165, 
Group.waypoints9 = 4828, 4479, 1911, 4402, 1137, 4945, 
Group.waypoints10 = 4828, 4479, 1911, 4402, 3532, 4169, 
Group.waypoints11 = 4828, 4479, 1137, 4945, 1826, 3165, 1552, 3093, 
Group.waypoints12 = 4828, 4479, 1137, 4945, 1552, 3093, 
Group.waypoints13 = 4828, 4479, 1911, 4402, 3532, 4169, 1826, 3165, 1137, 4945, 
Group.waypoints14 = 4828, 4479, 1911, 4402, 3532, 4169, 1826, 3165, 1552, 3093, 1911, 4402, 
Group.waypoints15 = 4828, 4479, 1826, 3165, 3532, 4169, 
Group.waypoints16 = 4828, 4479, 1137, 4945, 1552, 3093, 1911, 4402, 
Group.waypoints17 = 4828, 4479, 1552, 3093, 1137, 4945, 
Group.waypoints18 = 4828, 4479, 3532, 4169, 1826, 3165, 1911, 4402, 1137, 4945, 3532, 4169, 
Group.waypoints19 = 4828, 4479, 1552, 3093, 1826, 3165, 3532, 4169, 
Group.waypoints20 = 4828, 4479, 1826, 3165, 1911, 4402, 1137, 4945, 
Group.waypoints21 = 4828, 4479, 1552, 3093, 1137, 4945, 1911, 4402, 
Group.waypoints22 = 4828, 4479, 1552, 3093, 1826, 3165, 3532, 4169, 3532, 4169, 
Group.waypoints23 = 4828, 4479, 1911, 4402, 1826, 3165, 1137, 4945, 
Group.waypoints24 = 4828, 4479, 1552, 3093, 1137, 4945, 
Group.waypoints25 = 4828, 4479, 1552, 3093, 1826, 3165, 3532, 4169, 
Group.waypoints26 = 4828, 4479, 1911, 4402, 1911, 4402, 
Group.waypoints27 = 4828, 4479, 1137, 4945, 1826, 3165, 3532, 4169, 1552, 3093, 1826, 3165, 
Group.waypoints28 = 4828, 4479, 3532, 4169, 1137, 4945, 1552, 3093, 1911, 4402, 
Group.waypoints29 = 4828, 4479, 1552, 3093, 1137, 4945, 
Group.waypoints30 = 4828, 4479, 3532, 4169, 1911, 4402, 1826, 3165, 1552, 3093, 
