Group.waypoints1 = 1148, 3042, 2233, 4048, 1850, 5123, 2225, 4433, 1869, 4853, 
Group.waypoints2 = 1148, 3042, 4192, 5768, 4192, 5768, 1869, 4853, 
Group.waypoints3 = 1148, 3042, 2233, 4048, 2225, 4433, 1850, 5123, 2225, 4433, 1869, 4853, 
Group.waypoints4 = 1148, 3042, 4192, 5768, 2233, 4048, 1850, 5123, 
Group.waypoints5 = 1148, 3042, 1869, 4853, 2233, 4048, 1850, 5123, 4192, 5768, 2225, 4433, 
Group.waypoints6 = 1148, 3042, 2233, 4048, 4192, 5768, 
Group.waypoints7 = 1148, 3042, 2225, 4433, 1850, 5123, 1869, 4853, 
Group.waypoints8 = 1148, 3042, 2225, 4433, 2233, 4048, 1869, 4853, 1850, 5123, 4192, 5768, 
Group.waypoints9 = 1148, 3042, 2233, 4048, 1869, 4853, 
Group.waypoints10 = 1148, 3042, 1850, 5123, 4192, 5768, 
Group.waypoints11 = 1148, 3042, 2225, 4433, 1850, 5123, 2233, 4048, 4192, 5768, 
Group.waypoints12 = 1148, 3042, 2225, 4433, 1869, 4853, 2233, 4048, 1869, 4853, 1850, 5123, 
Group.waypoints13 = 1148, 3042, 2225, 4433, 4192, 5768, 2225, 4433, 
Group.waypoints14 = 1148, 3042, 1869, 4853, 2233, 4048, 4192, 5768, 1850, 5123, 1869, 4853, 
Group.waypoints15 = 1148, 3042, 4192, 5768, 2233, 4048, 2225, 4433, 1850, 5123, 
Group.waypoints16 = 1148, 3042, 2225, 4433, 4192, 5768, 1869, 4853, 2233, 4048, 1850, 5123, 
Group.waypoints17 = 1148, 3042, 1869, 4853, 1850, 5123, 2225, 4433, 4192, 5768, 2233, 4048, 
Group.waypoints18 = 1148, 3042, 2225, 4433, 1869, 4853, 1850, 5123, 4192, 5768, 2233, 4048, 
Group.waypoints19 = 1148, 3042, 1869, 4853, 1850, 5123, 
Group.waypoints20 = 1148, 3042, 2233, 4048, 4192, 5768, 
Group.waypoints21 = 1148, 3042, 2225, 4433, 1850, 5123, 4192, 5768, 1869, 4853, 
Group.waypoints22 = 1148, 3042, 2225, 4433, 2233, 4048, 4192, 5768, 
Group.waypoints23 = 1148, 3042, 1869, 4853, 2233, 4048, 1850, 5123, 2225, 4433, 
Group.waypoints24 = 1148, 3042, 1869, 4853, 2225, 4433, 4192, 5768, 
Group.waypoints25 = 1148, 3042, 2233, 4048, 1850, 5123, 1850, 5123, 2233, 4048, 1869, 4853, 
Group.waypoints26 = 1148, 3042, 4192, 5768, 2225, 4433, 4192, 5768, 2225, 4433, 
Group.waypoints27 = 1148, 3042, 1850, 5123, 2233, 4048, 1869, 4853, 4192, 5768, 
Group.waypoints28 = 1148, 3042, 2225, 4433, 1850, 5123, 
Group.waypoints29 = 1148, 3042, 2233, 4048, 1869, 4853, 4192, 5768, 1850, 5123, 2225, 4433, 
Group.waypoints30 = 1148, 3042, 2233, 4048, 1869, 4853, 2233, 4048, 
