Group.waypoints1 = 2830, 3716, 4523, 5081, 
Group.waypoints2 = 2830, 3716, 4730, 4891, 1439, 3180, 4610, 5704, 
Group.waypoints3 = 2830, 3716, 4796, 4525, 4610, 5704, 
Group.waypoints4 = 2830, 3716, 4730, 4891, 4796, 4525, 
Group.waypoints5 = 2830, 3716, 4523, 5081, 1439, 3180, 4610, 5704, 
Group.waypoints6 = 2830, 3716, 4796, 4525, 4523, 5081, 
Group.waypoints7 = 2830, 3716, 4730, 4891, 1439, 3180, 4730, 4891, 
Group.waypoints8 = 2830, 3716, 4523, 5081, 1439, 3180, 4796, 4525, 
Group.waypoints9 = 2830, 3716, 4610, 5704, 1439, 3180, 
Group.waypoints10 = 2830, 3716, 4610, 5704, 
Group.waypoints11 = 2830, 3716, 4796, 4525, 4730, 4891, 
Group.waypoints12 = 2830, 3716, 4523, 5081, 
Group.waypoints13 = 2830, 3716, 4730, 4891, 
Group.waypoints14 = 2830, 3716, 4610, 5704, 
Group.waypoints15 = 2830, 3716, 1439, 3180, 4796, 4525, 
Group.waypoints16 = 2830, 3716, 4523, 5081, 
Group.waypoints17 = 2830, 3716, 4523, 5081, 
Group.waypoints18 = 2830, 3716, 4796, 4525, 1439, 3180, 4730, 4891, 
Group.waypoints19 = 2830, 3716, 4610, 5704, 
Group.waypoints20 = 2830, 3716, 4796, 4525, 4610, 5704, 4730, 4891, 
Group.waypoints21 = 2830, 3716, 1439, 3180, 4523, 5081, 
Group.waypoints22 = 2830, 3716, 4796, 4525, 4730, 4891, 4610, 5704, 
Group.waypoints23 = 2830, 3716, 1439, 3180, 4523, 5081, 4730, 4891, 
Group.waypoints24 = 2830, 3716, 4523, 5081, 4796, 4525, 
Group.waypoints25 = 2830, 3716, 4610, 5704, 1439, 3180, 
Group.waypoints26 = 2830, 3716, 4610, 5704, 4796, 4525, 1439, 3180, 
Group.waypoints27 = 2830, 3716, 4523, 5081, 4730, 4891, 4610, 5704, 
Group.waypoints28 = 2830, 3716, 1439, 3180, 4796, 4525, 4523, 5081, 
Group.waypoints29 = 2830, 3716, 4730, 4891, 1439, 3180, 
Group.waypoints30 = 2830, 3716, 4730, 4891, 4796, 4525, 
