0 21600
3600 146 168 209 28 7
5400 146 168 209 28 7 14 36 141 225 118
7200 146 168 209 28 7 14 36 141 225 118 165 152 21 163 170
9000 146 168 209 28 7 14 36 141 225 118 165 152 21 163 170 151 183 148 187 22
10800 146 168 209 28 7 14 36 141 225 118 165 152 21 163 170 151 183 148 187 22 176 137 79 203 97
12600 146 168 209 28 7 14 36 141 225 118 165 152 21 163 170 151 183 148 187 22 176 137 79 203 97 91 241 246 173 169
14400 146 168 209 28 7 14 36 141 225 118 165 152 21 163 170 151 183 148 187 22 176 137 79 203 97 91 241 246 173 169 43 135 25 33 116
16200 146 168 209 28 7 14 36 141 225 118 165 152 21 163 170 151 183 148 187 22 176 137 79 203 97 91 241 246 173 169 43 135 25 33 116 100 13 17 78 72
18000 146 168 209 28 7 14 36 141 225 118 165 152 21 163 170 151 183 148 187 22 176 137 79 203 97 91 241 246 173 169 43 135 25 33 116 100 13 17 78 72 42 126 64 23 99
19800 146 168 209 28 7 14 36 141 225 118 165 152 21 163 170 151 183 148 187 22 176 137 79 203 97 91 241 246 173 169 43 135 25 33 116 100 13 17 78 72 42 126 64 23 99 172 167 201 238 178
