Group.waypoints1 = 1554, 5200, 2044, 3440, 3282, 5521, 2130, 5632, 
Group.waypoints2 = 1554, 5200, 2865, 5798, 3491, 3863, 4271, 5167, 3830, 4080, 2130, 5632, 
Group.waypoints3 = 1554, 5200, 2865, 5798, 3282, 5521, 3830, 4080, 3491, 3863, 
Group.waypoints4 = 1554, 5200, 2044, 3440, 4271, 5167, 2044, 3440, 2865, 5798, 3491, 3863, 
Group.waypoints5 = 1554, 5200, 3830, 4080, 2130, 5632, 
Group.waypoints6 = 1554, 5200, 4271, 5167, 3282, 5521, 2865, 5798, 
Group.waypoints7 = 1554, 5200, 3282, 5521, 3830, 4080, 
Group.waypoints8 = 1554, 5200, 2130, 5632, 4271, 5167, 3491, 3863, 
Group.waypoints9 = 1554, 5200, 2044, 3440, 3830, 4080, 2865, 5798, 2044, 3440, 
Group.waypoints10 = 1554, 5200, 4271, 5167, 3491, 3863, 
Group.waypoints11 = 1554, 5200, 3282, 5521, 2130, 5632, 
Group.waypoints12 = 1554, 5200, 2044, 3440, 2130, 5632, 3491, 3863, 3830, 4080, 
Group.waypoints13 = 1554, 5200, 4271, 5167, 3282, 5521, 2865, 5798, 3830, 4080, 3282, 5521, 
Group.waypoints14 = 1554, 5200, 2865, 5798, 4271, 5167, 2130, 5632, 3491, 3863, 
Group.waypoints15 = 1554, 5200, 2044, 3440, 2130, 5632, 3282, 5521, 3830, 4080, 4271, 5167, 
Group.waypoints16 = 1554, 5200, 2865, 5798, 3491, 3863, 2044, 3440, 2865, 5798, 
Group.waypoints17 = 1554, 5200, 3282, 5521, 4271, 5167, 2130, 5632, 3491, 3863, 
Group.waypoints18 = 1554, 5200, 2044, 3440, 3830, 4080, 2130, 5632, 
Group.waypoints19 = 1554, 5200, 2865, 5798, 3282, 5521, 
Group.waypoints20 = 1554, 5200, 4271, 5167, 3491, 3863, 3830, 4080, 2044, 3440, 
Group.waypoints21 = 1554, 5200, 2044, 3440, 3491, 3863, 2130, 5632, 2865, 5798, 
Group.waypoints22 = 1554, 5200, 3830, 4080, 3282, 5521, 4271, 5167, 2865, 5798, 
Group.waypoints23 = 1554, 5200, 4271, 5167, 3491, 3863, 2044, 3440, 3830, 4080, 
Group.waypoints24 = 1554, 5200, 3282, 5521, 2130, 5632, 
Group.waypoints25 = 1554, 5200, 2130, 5632, 3282, 5521, 3491, 3863, 
Group.waypoints26 = 1554, 5200, 2044, 3440, 2865, 5798, 4271, 5167, 3830, 4080, 
Group.waypoints27 = 1554, 5200, 2044, 3440, 2130, 5632, 3282, 5521, 4271, 5167, 
Group.waypoints28 = 1554, 5200, 3491, 3863, 3830, 4080, 2865, 5798, 2130, 5632, 2044, 3440, 
Group.waypoints29 = 1554, 5200, 3830, 4080, 3491, 3863, 3282, 5521, 2865, 5798, 
Group.waypoints30 = 1554, 5200, 4271, 5167, 2044, 3440, 2130, 5632, 2865, 5798, 
