0 21600
3600 148 166 177 87
5400 148 166 177 87 109 97 185 176
7200 148 166 177 87 109 97 185 176 212 143 103 171
9000 148 166 177 87 109 97 185 176 212 143 103 171 66 75 178 144
10800 148 166 177 87 109 97 185 176 212 143 103 171 66 75 178 144 108 220 11 162
12600 148 166 177 87 109 97 185 176 212 143 103 171 66 75 178 144 108 220 11 162 8 94 29 60
14400 148 166 177 87 109 97 185 176 212 143 103 171 66 75 178 144 108 220 11 162 8 94 29 60 145 90 48 21
16200 148 166 177 87 109 97 185 176 212 143 103 171 66 75 178 144 108 220 11 162 8 94 29 60 145 90 48 21 39 80 79 184
18000 148 166 177 87 109 97 185 176 212 143 103 171 66 75 178 144 108 220 11 162 8 94 29 60 145 90 48 21 39 80 79 184 83 111 70 120
19800 148 166 177 87 109 97 185 176 212 143 103 171 66 75 178 144 108 220 11 162 8 94 29 60 145 90 48 21 39 80 79 184 83 111 70 120 131 25 202 45
