Group.waypoints1 = 2763, 4863, 3347, 4747, 2356, 4180, 2081, 5769, 
Group.waypoints2 = 2763, 4863, 1235, 5243, 1640, 3767, 
Group.waypoints3 = 2763, 4863, 1235, 5243, 2081, 5769, 3347, 4747, 
Group.waypoints4 = 2763, 4863, 2356, 4180, 1640, 3767, 1640, 3767, 1235, 5243, 2081, 5769, 
Group.waypoints5 = 2763, 4863, 3347, 4747, 2356, 4180, 2081, 5769, 
Group.waypoints6 = 2763, 4863, 3347, 4747, 1640, 3767, 2356, 4180, 1235, 5243, 2081, 5769, 
Group.waypoints7 = 2763, 4863, 2356, 4180, 3347, 4747, 
Group.waypoints8 = 2763, 4863, 1640, 3767, 1235, 5243, 3347, 4747, 2081, 5769, 1235, 5243, 
Group.waypoints9 = 2763, 4863, 2356, 4180, 1640, 3767, 3347, 4747, 2356, 4180, 1235, 5243, 
Group.waypoints10 = 2763, 4863, 1640, 3767, 2081, 5769, 1640, 3767, 2356, 4180, 3347, 4747, 
Group.waypoints11 = 2763, 4863, 1235, 5243, 2081, 5769, 2356, 4180, 
Group.waypoints12 = 2763, 4863, 1235, 5243, 2081, 5769, 1640, 3767, 3347, 4747, 2356, 4180, 
Group.waypoints13 = 2763, 4863, 1640, 3767, 1235, 5243, 3347, 4747, 2081, 5769, 1235, 5243, 
Group.waypoints14 = 2763, 4863, 1640, 3767, 3347, 4747, 2081, 5769, 2356, 4180, 
Group.waypoints15 = 2763, 4863, 1235, 5243, 2356, 4180, 1640, 3767, 2081, 5769, 
Group.waypoints16 = 2763, 4863, 3347, 4747, 2356, 4180, 
Group.waypoints17 = 2763, 4863, 1235, 5243, 3347, 4747, 
Group.waypoints18 = 2763, 4863, 1640, 3767, 2081, 5769, 
Group.waypoints19 = 2763, 4863, 1235, 5243, 3347, 4747, 
Group.waypoints20 = 2763, 4863, 2081, 5769, 1640, 3767, 2356, 4180, 
Group.waypoints21 = 2763, 4863, 1640, 3767, 3347, 4747, 2081, 5769, 
Group.waypoints22 = 2763, 4863, 1235, 5243, 2356, 4180, 1640, 3767, 2356, 4180, 
Group.waypoints23 = 2763, 4863, 2081, 5769, 1235, 5243, 
Group.waypoints24 = 2763, 4863, 3347, 4747, 2356, 4180, 3347, 4747, 1235, 5243, 1640, 3767, 
Group.waypoints25 = 2763, 4863, 2081, 5769, 2356, 4180, 1640, 3767, 2081, 5769, 
Group.waypoints26 = 2763, 4863, 3347, 4747, 1235, 5243, 1235, 5243, 2356, 4180, 1640, 3767, 
Group.waypoints27 = 2763, 4863, 3347, 4747, 2081, 5769, 
Group.waypoints28 = 2763, 4863, 1640, 3767, 2081, 5769, 
Group.waypoints29 = 2763, 4863, 3347, 4747, 1235, 5243, 
Group.waypoints30 = 2763, 4863, 2356, 4180, 3347, 4747, 2356, 4180, 2081, 5769, 1640, 3767, 
