0 21600
3600 142 164 43
5400 142 164 43 96 118 64
7200 142 164 43 96 118 64 12 97 26
9000 142 164 43 96 118 64 12 97 26 10 95 60
10800 142 164 43 96 118 64 12 97 26 10 95 60 102 24 75
12600 142 164 43 96 118 64 12 97 26 10 95 60 102 24 75 23 167 81
14400 142 164 43 96 118 64 12 97 26 10 95 60 102 24 75 23 167 81 19 117 49
16200 142 164 43 96 118 64 12 97 26 10 95 60 102 24 75 23 167 81 19 117 49 110 141 133
18000 142 164 43 96 118 64 12 97 26 10 95 60 102 24 75 23 167 81 19 117 49 110 141 133 73 177 148
19800 142 164 43 96 118 64 12 97 26 10 95 60 102 24 75 23 167 81 19 117 49 110 141 133 73 177 148 138 5 98
