0 21600
3600 120 84 171 7
5400 120 84 171 7 95 131 115 61
7200 120 84 171 7 95 131 115 61 187 44 57 114
9000 120 84 171 7 95 131 115 61 187 44 57 114 212 77 31 96
10800 120 84 171 7 95 131 115 61 187 44 57 114 212 77 31 96 138 12 85 200
12600 120 84 171 7 95 131 115 61 187 44 57 114 212 77 31 96 138 12 85 200 86 10 127 144
14400 120 84 171 7 95 131 115 61 187 44 57 114 212 77 31 96 138 12 85 200 86 10 127 144 149 106 139 201
16200 120 84 171 7 95 131 115 61 187 44 57 114 212 77 31 96 138 12 85 200 86 10 127 144 149 106 139 201 62 158 82 211
18000 120 84 171 7 95 131 115 61 187 44 57 114 212 77 31 96 138 12 85 200 86 10 127 144 149 106 139 201 62 158 82 211 155 132 117 148
19800 120 84 171 7 95 131 115 61 187 44 57 114 212 77 31 96 138 12 85 200 86 10 127 144 149 106 139 201 62 158 82 211 155 132 117 148 100 3 208 170
