0 21600
3600 138 159 8 71
5400 138 159 8 71 33 152 98 46
7200 138 159 8 71 33 152 98 46 189 122 3 124
9000 138 159 8 71 33 152 98 46 189 122 3 124 49 181 27 34
10800 138 159 8 71 33 152 98 46 189 122 3 124 49 181 27 34 143 9 107 103
12600 138 159 8 71 33 152 98 46 189 122 3 124 49 181 27 34 143 9 107 103 176 157 41 109
14400 138 159 8 71 33 152 98 46 189 122 3 124 49 181 27 34 143 9 107 103 176 157 41 109 141 54 119 77
16200 138 159 8 71 33 152 98 46 189 122 3 124 49 181 27 34 143 9 107 103 176 157 41 109 141 54 119 77 32 44 187 154
18000 138 159 8 71 33 152 98 46 189 122 3 124 49 181 27 34 143 9 107 103 176 157 41 109 141 54 119 77 32 44 187 154 184 42 153 82
19800 138 159 8 71 33 152 98 46 189 122 3 124 49 181 27 34 143 9 107 103 176 157 41 109 141 54 119 77 32 44 187 154 184 42 153 82 140 129 18 127
