0 21600
3600 43 163 207 126
5400 43 163 207 126 85 201 12 13
7200 43 163 207 126 85 201 12 13 214 74 63 35
9000 43 163 207 126 85 201 12 13 214 74 63 35 101 17 113 36
10800 43 163 207 126 85 201 12 13 214 74 63 35 101 17 113 36 72 108 177 170
12600 43 163 207 126 85 201 12 13 214 74 63 35 101 17 113 36 72 108 177 170 24 121 18 112
14400 43 163 207 126 85 201 12 13 214 74 63 35 101 17 113 36 72 108 177 170 24 121 18 112 59 161 37 76
16200 43 163 207 126 85 201 12 13 214 74 63 35 101 17 113 36 72 108 177 170 24 121 18 112 59 161 37 76 2 54 139 38
18000 43 163 207 126 85 201 12 13 214 74 63 35 101 17 113 36 72 108 177 170 24 121 18 112 59 161 37 76 2 54 139 38 68 180 184 103
19800 43 163 207 126 85 201 12 13 214 74 63 35 101 17 113 36 72 108 177 170 24 121 18 112 59 161 37 76 2 54 139 38 68 180 184 103 82 143 7 145
