Group.waypoints1 = 4510, 3182, 4897, 5718, 1893, 3979, 1877, 4564, 
Group.waypoints2 = 4510, 3182, 1893, 3979, 4897, 5718, 
Group.waypoints3 = 4510, 3182, 1877, 4564, 1893, 3979, 
Group.waypoints4 = 4510, 3182, 1877, 4564, 4897, 5718, 1877, 4564, 1893, 3979, 4897, 5718, 
Group.waypoints5 = 4510, 3182, 4897, 5718, 1893, 3979, 1877, 4564, 1877, 4564, 
Group.waypoints6 = 4510, 3182, 1893, 3979, 4897, 5718, 1877, 4564, 1893, 3979, 4897, 5718, 
Group.waypoints7 = 4510, 3182, 1877, 4564, 1893, 3979, 
Group.waypoints8 = 4510, 3182, 4897, 5718, 1877, 4564, 
Group.waypoints9 = 4510, 3182, 1893, 3979, 4897, 5718, 4897, 5718, 
Group.waypoints10 = 4510, 3182, 1877, 4564, 1893, 3979, 1893, 3979, 
Group.waypoints11 = 4510, 3182, 4897, 5718, 1877, 4564, 1877, 4564, 
Group.waypoints12 = 4510, 3182, 1893, 3979, 4897, 5718, 1893, 3979, 1877, 4564, 
Group.waypoints13 = 4510, 3182, 4897, 5718, 1893, 3979, 4897, 5718, 
Group.waypoints14 = 4510, 3182, 1877, 4564, 1877, 4564, 
Group.waypoints15 = 4510, 3182, 1893, 3979, 4897, 5718, 
Group.waypoints16 = 4510, 3182, 1877, 4564, 4897, 5718, 
Group.waypoints17 = 4510, 3182, 1893, 3979, 1893, 3979, 4897, 5718, 1877, 4564, 1893, 3979, 
Group.waypoints18 = 4510, 3182, 4897, 5718, 1877, 4564, 4897, 5718, 1893, 3979, 1877, 4564, 
Group.waypoints19 = 4510, 3182, 4897, 5718, 1893, 3979, 
Group.waypoints20 = 4510, 3182, 1877, 4564, 1893, 3979, 1877, 4564, 
Group.waypoints21 = 4510, 3182, 4897, 5718, 1893, 3979, 4897, 5718, 1877, 4564, 1877, 4564, 
Group.waypoints22 = 4510, 3182, 4897, 5718, 1893, 3979, 1877, 4564, 1893, 3979, 4897, 5718, 
Group.waypoints23 = 4510, 3182, 1893, 3979, 1877, 4564, 4897, 5718, 4897, 5718, 
Group.waypoints24 = 4510, 3182, 1893, 3979, 1877, 4564, 1877, 4564, 1893, 3979, 4897, 5718, 
Group.waypoints25 = 4510, 3182, 4897, 5718, 1877, 4564, 1893, 3979, 4897, 5718, 1893, 3979, 
Group.waypoints26 = 4510, 3182, 1877, 4564, 4897, 5718, 1893, 3979, 
Group.waypoints27 = 4510, 3182, 1877, 4564, 1893, 3979, 1877, 4564, 4897, 5718, 1893, 3979, 
Group.waypoints28 = 4510, 3182, 1877, 4564, 4897, 5718, 1877, 4564, 1893, 3979, 
Group.waypoints29 = 4510, 3182, 4897, 5718, 4897, 5718, 1893, 3979, 1877, 4564, 1893, 3979, 
Group.waypoints30 = 4510, 3182, 1877, 4564, 4897, 5718, 1877, 4564, 4897, 5718, 1893, 3979, 
