0 21600
3600 178 21 1 111
5400 178 21 1 111 73 203 16 72
7200 178 21 1 111 73 203 16 72 123 29 216 14
9000 178 21 1 111 73 203 16 72 123 29 216 14 136 71 42 53
10800 178 21 1 111 73 203 16 72 123 29 216 14 136 71 42 53 51 202 49 25
12600 178 21 1 111 73 203 16 72 123 29 216 14 136 71 42 53 51 202 49 25 182 87 150 6
14400 178 21 1 111 73 203 16 72 123 29 216 14 136 71 42 53 51 202 49 25 182 87 150 6 35 28 80 31
16200 178 21 1 111 73 203 16 72 123 29 216 14 136 71 42 53 51 202 49 25 182 87 150 6 35 28 80 31 115 100 50 62
18000 178 21 1 111 73 203 16 72 123 29 216 14 136 71 42 53 51 202 49 25 182 87 150 6 35 28 80 31 115 100 50 62 131 95 108 120
19800 178 21 1 111 73 203 16 72 123 29 216 14 136 71 42 53 51 202 49 25 182 87 150 6 35 28 80 31 115 100 50 62 131 95 108 120 85 212 181 134
