0 21600
3600 204 95 83 206
5400 204 95 83 206 217 121 97 51
7200 204 95 83 206 217 121 97 51 34 139 145 177
9000 204 95 83 206 217 121 97 51 34 139 145 177 110 223 193 47
10800 204 95 83 206 217 121 97 51 34 139 145 177 110 223 193 47 200 155 171 205
12600 204 95 83 206 217 121 97 51 34 139 145 177 110 223 193 47 200 155 171 205 181 176 32 180
14400 204 95 83 206 217 121 97 51 34 139 145 177 110 223 193 47 200 155 171 205 181 176 32 180 62 214 16 100
16200 204 95 83 206 217 121 97 51 34 139 145 177 110 223 193 47 200 155 171 205 181 176 32 180 62 214 16 100 55 75 52 230
18000 204 95 83 206 217 121 97 51 34 139 145 177 110 223 193 47 200 155 171 205 181 176 32 180 62 214 16 100 55 75 52 230 46 85 15 196
19800 204 95 83 206 217 121 97 51 34 139 145 177 110 223 193 47 200 155 171 205 181 176 32 180 62 214 16 100 55 75 52 230 46 85 15 196 195 135 10 70
