Group.waypoints1 = 2934, 4438, 2406, 5157, 3324, 5121, 1919, 5467, 1919, 5467, 3324, 5121, 
Group.waypoints2 = 2934, 4438, 2406, 5157, 1919, 5467, 3324, 5121, 2406, 5157, 
Group.waypoints3 = 2934, 4438, 1919, 5467, 3324, 5121, 2406, 5157, 
Group.waypoints4 = 2934, 4438, 2406, 5157, 3324, 5121, 1919, 5467, 
Group.waypoints5 = 2934, 4438, 1919, 5467, 2406, 5157, 3324, 5121, 
Group.waypoints6 = 2934, 4438, 3324, 5121, 1919, 5467, 2406, 5157, 
Group.waypoints7 = 2934, 4438, 1919, 5467, 2406, 5157, 3324, 5121, 2406, 5157, 1919, 5467, 
Group.waypoints8 = 2934, 4438, 3324, 5121, 2406, 5157, 3324, 5121, 
Group.waypoints9 = 2934, 4438, 1919, 5467, 2406, 5157, 1919, 5467, 
Group.waypoints10 = 2934, 4438, 3324, 5121, 3324, 5121, 1919, 5467, 
Group.waypoints11 = 2934, 4438, 2406, 5157, 2406, 5157, 1919, 5467, 3324, 5121, 
Group.waypoints12 = 2934, 4438, 1919, 5467, 3324, 5121, 2406, 5157, 1919, 5467, 
Group.waypoints13 = 2934, 4438, 2406, 5157, 3324, 5121, 2406, 5157, 3324, 5121, 1919, 5467, 
Group.waypoints14 = 2934, 4438, 3324, 5121, 1919, 5467, 2406, 5157, 2406, 5157, 
Group.waypoints15 = 2934, 4438, 3324, 5121, 1919, 5467, 3324, 5121, 
Group.waypoints16 = 2934, 4438, 1919, 5467, 2406, 5157, 
Group.waypoints17 = 2934, 4438, 2406, 5157, 1919, 5467, 
Group.waypoints18 = 2934, 4438, 3324, 5121, 3324, 5121, 
Group.waypoints19 = 2934, 4438, 2406, 5157, 1919, 5467, 1919, 5467, 
Group.waypoints20 = 2934, 4438, 3324, 5121, 2406, 5157, 1919, 5467, 2406, 5157, 
