Group.waypoints1 = 1575, 3233, 4927, 4275, 3600, 5939, 4394, 5112, 1615, 5220, 2397, 5404, 
Group.waypoints2 = 1575, 3233, 1615, 5220, 3600, 5939, 
Group.waypoints3 = 1575, 3233, 2397, 5404, 4927, 4275, 4394, 5112, 4394, 5112, 1615, 5220, 
Group.waypoints4 = 1575, 3233, 3600, 5939, 4927, 4275, 2397, 5404, 3600, 5939, 
Group.waypoints5 = 1575, 3233, 4394, 5112, 1615, 5220, 
Group.waypoints6 = 1575, 3233, 2397, 5404, 4927, 4275, 
Group.waypoints7 = 1575, 3233, 4927, 4275, 3600, 5939, 2397, 5404, 4394, 5112, 
Group.waypoints8 = 1575, 3233, 1615, 5220, 2397, 5404, 4927, 4275, 3600, 5939, 1615, 5220, 
Group.waypoints9 = 1575, 3233, 4394, 5112, 2397, 5404, 
Group.waypoints10 = 1575, 3233, 3600, 5939, 4394, 5112, 4927, 4275, 1615, 5220, 2397, 5404, 
Group.waypoints11 = 1575, 3233, 3600, 5939, 4394, 5112, 1615, 5220, 
Group.waypoints12 = 1575, 3233, 4927, 4275, 3600, 5939, 4927, 4275, 1615, 5220, 
Group.waypoints13 = 1575, 3233, 2397, 5404, 4394, 5112, 4927, 4275, 
Group.waypoints14 = 1575, 3233, 4394, 5112, 2397, 5404, 1615, 5220, 
Group.waypoints15 = 1575, 3233, 3600, 5939, 3600, 5939, 
Group.waypoints16 = 1575, 3233, 4394, 5112, 1615, 5220, 4927, 4275, 2397, 5404, 2397, 5404, 
Group.waypoints17 = 1575, 3233, 1615, 5220, 4394, 5112, 3600, 5939, 
Group.waypoints18 = 1575, 3233, 4927, 4275, 4927, 4275, 2397, 5404, 1615, 5220, 
Group.waypoints19 = 1575, 3233, 4394, 5112, 3600, 5939, 2397, 5404, 
Group.waypoints20 = 1575, 3233, 1615, 5220, 4394, 5112, 4927, 4275, 3600, 5939, 
Group.waypoints21 = 1575, 3233, 4927, 4275, 4394, 5112, 
Group.waypoints22 = 1575, 3233, 3600, 5939, 2397, 5404, 
Group.waypoints23 = 1575, 3233, 1615, 5220, 2397, 5404, 
Group.waypoints24 = 1575, 3233, 4927, 4275, 3600, 5939, 4394, 5112, 1615, 5220, 
Group.waypoints25 = 1575, 3233, 2397, 5404, 1615, 5220, 3600, 5939, 4927, 4275, 4394, 5112, 
Group.waypoints26 = 1575, 3233, 4394, 5112, 4927, 4275, 1615, 5220, 2397, 5404, 
Group.waypoints27 = 1575, 3233, 3600, 5939, 4394, 5112, 3600, 5939, 2397, 5404, 1615, 5220, 
Group.waypoints28 = 1575, 3233, 4927, 4275, 1615, 5220, 3600, 5939, 
Group.waypoints29 = 1575, 3233, 2397, 5404, 4927, 4275, 4394, 5112, 4927, 4275, 
Group.waypoints30 = 1575, 3233, 4394, 5112, 2397, 5404, 3600, 5939, 1615, 5220, 
