0 21600
3600 152 158 44 184
5400 152 158 44 184 87 133 32 112
7200 152 158 44 184 87 133 32 112 209 186 33 175
9000 152 158 44 184 87 133 32 112 209 186 33 175 21 177 22 72
10800 152 158 44 184 87 133 32 112 209 186 33 175 21 177 22 72 136 130 163 69
12600 152 158 44 184 87 133 32 112 209 186 33 175 21 177 22 72 136 130 163 69 127 156 46 38
14400 152 158 44 184 87 133 32 112 209 186 33 175 21 177 22 72 136 130 163 69 127 156 46 38 135 111 10 82
16200 152 158 44 184 87 133 32 112 209 186 33 175 21 177 22 72 136 130 163 69 127 156 46 38 135 111 10 82 148 172 189 119
18000 152 158 44 184 87 133 32 112 209 186 33 175 21 177 22 72 136 130 163 69 127 156 46 38 135 111 10 82 148 172 189 119 207 61 167 120
19800 152 158 44 184 87 133 32 112 209 186 33 175 21 177 22 72 136 130 163 69 127 156 46 38 135 111 10 82 148 172 189 119 207 61 167 120 129 131 14 76
