Group.waypoints1 = 2179, 5918, 2668, 4134, 2269, 4493, 
Group.waypoints2 = 2179, 5918, 2298, 4907, 3652, 4221, 
Group.waypoints3 = 2179, 5918, 2526, 3974, 
Group.waypoints4 = 2179, 5918, 2526, 3974, 
Group.waypoints5 = 2179, 5918, 2298, 4907, 
Group.waypoints6 = 2179, 5918, 3652, 4221, 
Group.waypoints7 = 2179, 5918, 2668, 4134, 2269, 4493, 
Group.waypoints8 = 2179, 5918, 2269, 4493, 2668, 4134, 2526, 3974, 
Group.waypoints9 = 2179, 5918, 2298, 4907, 3652, 4221, 3652, 4221, 
Group.waypoints10 = 2179, 5918, 2269, 4493, 2668, 4134, 
Group.waypoints11 = 2179, 5918, 2526, 3974, 2298, 4907, 
Group.waypoints12 = 2179, 5918, 2526, 3974, 2668, 4134, 3652, 4221, 
Group.waypoints13 = 2179, 5918, 2298, 4907, 2269, 4493, 
Group.waypoints14 = 2179, 5918, 2269, 4493, 2526, 3974, 2668, 4134, 
Group.waypoints15 = 2179, 5918, 2298, 4907, 3652, 4221, 2668, 4134, 
